[PAR]
*Entrada*
0,1,1,0,1,0,0,0,1,1,0,0,1,0,0,0,1,0,0,0,0;
*Saida*
0,0,0,0,0,1,0;

[PAR]
*Entrada*
0,0,0,0,0,1,1,1,1,0,1,0,1,0,0,1,0,0,0,0,0;
*Saida*
0,0,0,0,1,0,0;

[PAR]
*Entrada*
0,0,1,0,0,1,0,0,1,1,0,0,0,1,0,0,0,1,0,0,0;
*Saida*
0,0,1,0,0,0,0;

[PAR]
*Entrada*
1,0,1,0,0,0,1,0,0,1,1,0,0,0,0,0,0,0,0,0,1;
*Saida*
1,0,0,0,0,0,0;

[PAR]
*Entrada*
1,0,0,1,0,0,0,1,1,1,0,0,1,0,0,0,1,0,0,0,0;
*Saida*
0,0,0,0,0,0,1;

[PAR]
*Entrada*
0,0,1,0,0,1,0,0,1,0,0,1,1,0,1,1,0,0,0,0,0;
*Saida*
0,0,1,0,0,0,0;

[PAR]
*Entrada*
1,0,0,1,0,0,0,1,1,1,0,0,0,0,0,0,0,1,0,0,0;
*Saida*
0,0,0,0,0,0,1;

[PAR]
*Entrada*
1,0,0,1,0,0,1,1,1,1,0,0,1,0,1,0,0,1,0,0,0;
*Saida*
0,0,0,0,0,0,1;

[PAR]
*Entrada*
1,0,0,1,0,0,0,1,1,1,0,0,1,1,0,0,0,1,0,0,0;
*Saida*
0,0,0,0,0,0,1;

[PAR]
*Entrada*
0,0,1,0,0,1,0,1,1,1,0,0,0,0,0,0,0,1,0,0,0;
*Saida*
0,0,1,0,0,0,0;

[PAR]
*Entrada*
0,0,1,0,0,1,1,1,1,1,0,0,1,0,0,0,0,1,0,0,0;
*Saida*
0,0,0,0,1,0,0;

[PAR]
*Entrada*
1,0,1,0,0,0,1,0,0,1,1,0,0,0,0,0,0,0,0,1,0;
*Saida*
1,0,0,0,0,0,0;

[PAR]
*Entrada*
0,0,1,0,0,1,1,1,1,1,0,0,1,0,1,0,0,1,0,0,0;
*Saida*
0,0,0,0,1,0,0;

[PAR]
*Entrada*
1,0,0,1,0,1,1,1,1,1,0,1,1,0,0,0,0,1,0,0,0;
*Saida*
0,0,0,0,0,0,1;

[PAR]
*Entrada*
1,0,0,1,0,0,0,1,1,1,0,0,1,0,1,0,0,1,0,0,0;
*Saida*
0,0,0,0,0,0,1;

[PAR]
*Entrada*
0,0,1,0,0,1,1,1,1,0,0,1,1,0,0,1,0,0,0,0,0;
*Saida*
0,0,1,0,0,0,0;

[PAR]
*Entrada*
0,1,1,0,1,1,1,0,1,1,0,0,1,0,0,0,1,0,0,0,0;
*Saida*
0,0,0,0,0,1,0;

[PAR]
*Entrada*
1,0,0,1,0,0,1,1,1,1,0,0,1,0,1,0,0,1,0,0,0;
*Saida*
0,0,0,0,0,0,1;

[PAR]
*Entrada*
0,0,1,0,1,0,1,0,0,1,0,0,0,0,0,0,0,0,0,1,0;
*Saida*
0,1,0,0,0,0,0;

[PAR]
*Entrada*
1,0,0,1,0,0,1,1,1,1,0,0,1,0,1,0,0,1,0,0,0;
*Saida*
0,0,0,0,0,0,1;

[PAR]
*Entrada*
0,0,1,0,0,1,0,1,1,0,0,1,1,0,0,1,0,0,0,0,0;
*Saida*
0,0,1,0,0,0,0;

[PAR]
*Entrada*
0,1,1,0,1,0,0,0,1,1,0,0,1,0,0,0,1,0,0,0,0;
*Saida*
0,0,0,0,0,1,0;

[PAR]
*Entrada*
0,0,0,1,0,1,1,1,1,1,0,1,1,0,1,1,0,0,0,0,0;
*Saida*
0,0,0,0,0,0,1;

[PAR]
*Entrada*
0,0,1,0,0,1,1,1,1,0,0,1,1,0,1,1,0,0,0,0,0;
*Saida*
0,0,1,0,0,0,0;

[PAR]
*Entrada*
1,0,0,1,0,0,0,1,1,1,0,0,1,0,0,0,0,1,0,0,0;
*Saida*
0,0,0,0,0,0,1;

[PAR]
*Entrada*
0,0,1,0,0,1,0,1,1,0,0,1,1,1,0,1,0,0,0,0,0;
*Saida*
0,0,1,0,0,0,0;

[PAR]
*Entrada*
1,0,1,0,1,0,0,0,0,1,0,0,0,0,0,0,0,0,0,1,0;
*Saida*
0,1,0,0,0,0,0;

[PAR]
*Entrada*
0,1,1,0,1,0,0,0,1,1,0,0,1,0,1,0,1,0,0,0,0;
*Saida*
0,0,0,0,0,1,0;

[PAR]
*Entrada*
0,1,1,0,1,0,0,0,1,1,0,0,1,1,1,0,1,0,0,0,0;
*Saida*
0,0,0,0,0,1,0;

[PAR]
*Entrada*
0,1,1,0,1,0,0,0,1,1,0,0,1,0,1,0,1,0,0,0,0;
*Saida*
0,0,0,0,0,1,0;

[PAR]
*Entrada*
0,0,1,0,0,0,0,0,0,1,0,0,0,0,0,0,0,0,0,1,0;
*Saida*
0,1,0,0,0,0,0;

[PAR]
*Entrada*
0,1,1,0,1,0,0,0,1,1,0,0,1,0,1,0,1,0,0,0,0;
*Saida*
0,0,0,0,0,1,0;

[PAR]
*Entrada*
0,0,1,0,0,1,1,1,1,1,0,0,0,0,1,0,0,1,0,0,0;
*Saida*
0,0,1,0,0,0,0;

[PAR]
*Entrada*
1,0,0,1,0,0,0,1,1,1,0,0,1,1,1,0,0,1,0,0,0;
*Saida*
0,0,0,0,0,0,1;

[PAR]
*Entrada*
0,1,1,0,0,0,0,0,1,1,0,0,0,0,0,0,1,0,0,0,0;
*Saida*
0,0,0,0,0,1,0;

[PAR]
*Entrada*
0,1,1,0,1,0,1,0,1,1,0,0,1,0,1,0,1,0,0,0,0;
*Saida*
0,0,0,0,0,1,0;

[PAR]
*Entrada*
0,1,1,0,0,0,1,0,1,1,0,0,1,0,1,0,1,0,0,0,0;
*Saida*
0,0,0,0,0,1,0;

[PAR]
*Entrada*
1,0,0,1,0,1,1,1,1,1,0,1,0,0,1,1,0,0,0,0,0;
*Saida*
0,0,0,0,0,0,1;

[PAR]
*Entrada*
0,0,1,0,0,0,1,1,1,1,1,0,1,0,0,1,0,0,0,0,0;
*Saida*
0,0,0,0,1,0,0;

[PAR]
*Entrada*
1,0,0,1,0,0,1,1,1,1,0,0,1,0,0,0,0,1,0,0,0;
*Saida*
0,0,0,0,0,0,1;

[PAR]
*Entrada*
0,0,1,0,0,1,1,1,1,0,0,1,1,0,1,1,0,0,0,0,0;
*Saida*
0,0,1,0,0,0,0;

[PAR]
*Entrada*
1,0,0,1,0,0,1,1,1,1,0,0,1,0,1,0,0,1,0,0,0;
*Saida*
0,0,0,0,0,0,1;

[PAR]
*Entrada*
0,0,1,0,0,1,0,1,1,0,0,1,1,0,0,1,0,0,0,0,0;
*Saida*
0,0,1,0,0,0,0;

[PAR]
*Entrada*
0,0,1,0,0,0,1,1,0,1,1,0,0,0,0,0,0,0,0,0,1;
*Saida*
1,0,0,0,0,0,0;

[PAR]
*Entrada*
0,1,1,0,0,0,0,0,1,1,0,0,0,0,1,0,1,0,0,0,0;
*Saida*
0,0,0,0,0,1,0;

[PAR]
*Entrada*
0,1,1,0,1,0,0,0,1,1,0,0,1,0,0,0,1,0,0,0,0;
*Saida*
0,0,0,0,0,1,0;

[PAR]
*Entrada*
1,0,0,1,0,0,0,1,1,1,0,0,1,0,1,0,0,1,0,0,0;
*Saida*
0,0,0,0,0,0,1;

[PAR]
*Entrada*
1,0,0,1,0,0,0,1,1,1,0,0,1,0,0,0,0,1,0,0,0;
*Saida*
0,0,0,0,0,0,1;

[PAR]
*Entrada*
0,0,1,0,0,0,1,1,1,1,0,0,1,0,0,0,0,1,0,0,0;
*Saida*
0,0,0,0,1,0,0;

[PAR]
*Entrada*
1,0,0,1,0,0,0,1,1,1,0,0,1,0,1,0,1,0,0,0,0;
*Saida*
0,0,0,0,0,0,1;

[PAR]
*Entrada*
0,0,1,0,0,1,0,1,1,0,1,1,1,0,0,1,0,0,0,0,0;
*Saida*
0,0,1,0,0,0,0;

[PAR]
*Entrada*
1,0,0,1,0,0,0,1,1,1,0,0,0,1,0,0,0,1,0,0,0;
*Saida*
0,0,0,0,0,0,1;

[PAR]
*Entrada*
0,0,1,0,0,1,1,0,0,0,0,0,0,0,1,0,0,0,0,0,1;
*Saida*
1,0,0,0,0,0,0;

[PAR]
*Entrada*
0,0,1,0,0,0,1,1,1,1,0,0,1,0,0,0,0,1,0,0,0;
*Saida*
0,0,0,0,1,0,0;

[PAR]
*Entrada*
1,0,0,1,0,0,1,1,1,1,0,0,0,0,1,0,0,1,0,0,0;
*Saida*
0,0,0,0,0,0,1;

[PAR]
*Entrada*
0,1,1,0,0,1,1,0,1,1,0,0,1,0,1,0,1,0,0,0,0;
*Saida*
0,0,0,0,0,1,0;

[PAR]
*Entrada*
0,0,1,0,0,1,0,1,1,1,0,0,1,0,0,0,1,0,0,0,0;
*Saida*
0,0,1,0,0,0,0;

[PAR]
*Entrada*
0,1,1,0,1,1,0,0,1,1,0,0,1,0,0,0,1,0,0,0,0;
*Saida*
0,0,0,0,0,1,0;

[PAR]
*Entrada*
1,0,0,1,0,1,1,1,1,1,0,1,1,0,1,0,1,0,0,0,0;
*Saida*
0,0,0,0,0,0,1;

[PAR]
*Entrada*
0,0,1,0,0,0,0,0,0,1,0,0,0,0,0,1,0,0,0,0,0;
*Saida*
1,0,0,0,0,0,0;

[PAR]
*Entrada*
0,0,1,0,0,0,1,0,0,0,0,0,0,0,0,1,0,0,0,0,0;
*Saida*
1,0,0,0,0,0,0;

[PAR]
*Entrada*
0,0,1,0,0,1,1,1,1,1,0,0,0,0,0,0,0,1,0,0,0;
*Saida*
0,0,1,0,0,0,0;

[PAR]
*Entrada*
0,0,1,0,0,1,0,0,1,1,0,0,1,1,1,0,0,1,0,0,0;
*Saida*
0,0,0,0,1,0,0;

[PAR]
*Entrada*
1,0,1,0,1,0,0,0,0,1,0,0,0,0,0,0,0,0,0,1,0;
*Saida*
0,1,0,0,0,0,0;

[PAR]
*Entrada*
1,0,0,1,0,0,0,1,1,1,0,0,1,0,0,0,0,1,0,0,0;
*Saida*
0,0,0,0,0,0,1;

[PAR]
*Entrada*
0,0,1,0,0,0,0,0,0,1,0,0,0,0,0,1,0,0,0,0,0;
*Saida*
1,0,0,0,0,0,0;

[PAR]
*Entrada*
1,0,0,1,0,0,1,1,1,1,0,0,1,1,0,0,0,1,0,0,0;
*Saida*
0,0,0,0,0,0,1;

[PAR]
*Entrada*
1,0,0,1,0,0,0,1,1,1,0,0,1,0,1,0,0,1,0,0,0;
*Saida*
0,0,0,0,0,0,1;

[PAR]
*Entrada*
1,0,0,1,0,0,1,1,1,1,0,0,1,0,0,0,0,1,0,0,0;
*Saida*
0,0,0,0,0,0,1;

[PAR]
*Entrada*
0,0,1,0,0,0,1,1,1,1,0,0,1,0,0,1,0,0,0,0,0;
*Saida*
0,0,0,0,1,0,0;

[PAR]
*Entrada*
0,0,1,0,0,0,0,0,0,1,0,0,0,0,0,1,0,0,0,0,0;
*Saida*
1,0,0,0,0,0,0;

[PAR]
*Entrada*
1,0,0,1,0,0,0,1,1,1,0,0,1,1,1,0,0,1,0,0,0;
*Saida*
0,0,0,0,0,0,1;

[PAR]
*Entrada*
1,0,0,1,0,0,1,1,1,1,0,0,1,0,0,0,0,1,0,0,0;
*Saida*
0,0,0,0,0,0,1;

[PAR]
*Entrada*
1,0,0,1,0,0,0,1,1,1,0,0,1,0,1,0,0,1,0,0,0;
*Saida*
0,0,0,0,0,0,1;

[PAR]
*Entrada*
1,0,0,1,0,0,0,1,1,1,0,0,0,0,1,0,1,0,0,0,0;
*Saida*
0,0,0,0,0,0,1;

[PAR]
*Entrada*
1,0,0,1,0,0,1,1,1,1,0,0,0,1,1,0,1,0,0,0,0;
*Saida*
0,0,0,0,0,0,1;

[PAR]
*Entrada*
1,0,0,1,0,0,1,1,1,1,0,0,1,0,1,0,0,1,0,0,0;
*Saida*
0,0,0,0,0,0,1;

[PAR]
*Entrada*
0,0,1,0,0,0,1,1,1,1,0,0,1,0,0,1,0,0,0,0,0;
*Saida*
0,0,0,0,1,0,0;

[PAR]
*Entrada*
0,1,1,0,1,0,1,0,1,1,0,0,1,0,0,0,1,0,0,0,0;
*Saida*
0,0,0,0,0,1,0;

[PAR]
*Entrada*
1,0,0,1,0,0,1,1,1,1,0,0,1,0,1,0,0,1,0,0,0;
*Saida*
0,0,0,0,0,0,1;

[PAR]
*Entrada*
0,0,1,0,0,0,0,0,1,1,0,0,1,0,1,0,0,1,0,0,0;
*Saida*
0,0,0,0,1,0,0;

[PAR]
*Entrada*
1,0,0,1,0,0,0,1,1,1,0,0,1,0,1,0,0,1,0,0,0;
*Saida*
0,0,0,0,0,0,1;

[PAR]
*Entrada*
0,0,1,0,0,0,1,1,1,1,0,0,1,1,1,0,0,1,0,0,0;
*Saida*
0,0,0,0,1,0,0;

[PAR]
*Entrada*
0,0,1,0,0,1,1,0,0,0,0,0,0,0,0,0,0,0,1,0,0;
*Saida*
1,0,0,0,0,0,0;

[PAR]
*Entrada*
0,0,1,0,1,0,0,0,0,1,0,0,0,0,0,0,0,0,0,1,0;
*Saida*
0,1,0,0,0,0,0;

[PAR]
*Entrada*
0,0,1,0,0,0,1,1,1,1,0,0,1,0,0,1,0,0,0,0,0;
*Saida*
0,0,0,0,1,0,0;

[PAR]
*Entrada*
0,0,1,0,0,1,0,0,1,1,0,0,0,0,0,0,0,1,0,0,0;
*Saida*
0,0,1,0,0,0,0;

[PAR]
*Entrada*
0,1,1,0,0,0,0,0,1,1,0,0,1,0,1,0,1,0,0,0,0;
*Saida*
0,0,0,0,0,1,0;

[PAR]
*Entrada*
0,0,1,0,0,0,0,0,0,1,0,0,0,0,0,0,0,0,0,1,0;
*Saida*
0,1,0,0,0,0,0;

[PAR]
*Entrada*
0,1,1,0,1,0,0,0,1,1,0,0,1,0,1,0,1,0,0,0,0;
*Saida*
0,0,0,0,0,1,0;

[PAR]
*Entrada*
0,0,1,0,1,0,0,0,0,1,0,0,0,0,0,0,0,0,0,1,0;
*Saida*
0,1,0,0,0,0,0;

[PAR]
*Entrada*
0,0,1,0,0,1,1,1,1,0,0,1,1,0,0,1,0,0,0,0,0;
*Saida*
0,0,1,0,0,0,0;

[PAR]
*Entrada*
0,0,1,0,0,1,1,0,0,0,0,0,0,0,0,0,0,0,0,1,0;
*Saida*
1,0,0,0,0,0,0;

[PAR]
*Entrada*
0,1,1,0,1,0,1,0,1,1,0,0,1,0,0,0,1,0,0,0,0;
*Saida*
0,0,0,0,0,1,0;

[PAR]
*Entrada*
0,0,1,0,1,0,1,0,0,1,1,0,0,0,0,0,0,0,0,1,0;
*Saida*
0,1,0,0,0,0,0;

[PAR]
*Entrada*
1,0,0,1,1,0,0,1,1,1,0,0,1,0,0,0,1,0,0,0,0;
*Saida*
0,0,0,0,0,0,1;

[PAR]
*Entrada*
0,1,1,0,1,0,1,0,1,1,0,0,1,0,1,0,1,0,0,0,0;
*Saida*
0,0,0,0,0,1,0;

[PAR]
*Entrada*
1,0,0,1,0,0,0,1,1,1,0,0,1,0,1,0,0,1,0,0,0;
*Saida*
0,0,0,0,0,0,1;

[PAR]
*Entrada*
0,0,1,0,0,0,1,1,1,1,0,0,1,0,1,1,0,0,0,0,0;
*Saida*
0,0,0,0,1,0,0;

[PAR]
*Entrada*
1,0,0,1,0,0,1,1,1,1,0,0,1,0,1,0,0,1,0,0,0;
*Saida*
0,0,0,0,0,0,1;

[PAR]
*Entrada*
0,0,1,0,0,1,0,0,1,1,0,0,0,0,0,0,0,1,0,0,0;
*Saida*
0,0,1,0,0,0,0;

[PAR]
*Entrada*
0,0,0,0,0,0,1,0,0,1,1,0,1,0,0,0,0,0,0,0,1;
*Saida*
1,0,0,0,0,0,0;

[PAR]
*Entrada*
0,0,1,0,0,1,1,1,1,1,0,0,1,0,0,1,0,0,0,0,0;
*Saida*
0,0,0,0,1,0,0;

[PAR]
*Entrada*
0,0,1,0,0,0,1,0,0,1,0,0,0,0,0,0,0,0,0,1,0;
*Saida*
0,1,0,0,0,0,0;

[PAR]
*Entrada*
0,1,1,0,1,0,1,0,1,1,0,0,1,0,1,0,1,0,0,0,0;
*Saida*
0,0,0,0,0,1,0;

[PAR]
*Entrada*
0,1,1,0,1,0,1,0,1,1,0,0,1,0,1,0,1,0,0,0,0;
*Saida*
0,0,0,0,0,1,0;

[PAR]
*Entrada*
0,0,1,0,1,0,1,0,0,1,1,0,0,0,0,0,0,0,0,1,0;
*Saida*
0,1,0,0,0,0,0;

[PAR]
*Entrada*
1,0,0,1,1,0,0,1,1,1,0,0,1,0,0,0,1,0,0,0,0;
*Saida*
0,0,0,0,0,0,1;

[PAR]
*Entrada*
0,1,1,0,1,1,1,0,1,1,0,0,1,0,0,0,1,0,0,0,0;
*Saida*
0,0,0,0,0,1,0;

[PAR]
*Entrada*
0,0,1,0,0,1,1,1,1,0,0,1,1,0,0,1,0,0,0,0,0;
*Saida*
0,0,1,0,0,0,0;

[PAR]
*Entrada*
0,1,1,0,0,0,1,0,1,1,0,0,1,0,0,0,1,0,0,0,0;
*Saida*
0,0,0,0,0,1,0;

[PAR]
*Entrada*
1,0,0,1,0,0,1,1,1,1,0,0,1,0,1,0,0,1,0,0,0;
*Saida*
0,0,0,0,0,0,1;

[PAR]
*Entrada*
0,0,1,0,0,1,0,0,1,1,0,0,0,1,1,0,0,1,0,0,0;
*Saida*
0,0,0,0,1,0,0;

[PAR]
*Entrada*
1,0,0,1,0,1,1,1,1,1,0,0,1,0,1,0,0,1,0,0,0;
*Saida*
0,0,0,0,0,0,1;

[PAR]
*Entrada*
0,0,1,0,0,0,1,1,1,1,1,0,1,0,1,1,0,0,0,0,0;
*Saida*
0,0,0,0,1,0,0;

[PAR]
*Entrada*
0,0,1,0,1,0,0,0,0,1,0,0,0,0,0,0,0,0,0,1,0;
*Saida*
0,1,0,0,0,0,0;

[PAR]
*Entrada*
0,0,1,0,0,0,0,1,1,1,0,0,1,1,0,0,0,1,0,0,0;
*Saida*
0,0,0,0,1,0,0;

[PAR]
*Entrada*
0,0,1,0,0,0,0,0,0,1,0,0,0,0,0,0,0,0,0,1,0;
*Saida*
0,1,0,0,0,0,0;

[PAR]
*Entrada*
0,0,1,0,0,1,0,1,1,0,0,1,1,0,0,1,0,0,0,0,0;
*Saida*
0,0,1,0,0,0,0;

[PAR]
*Entrada*
0,0,1,0,0,1,1,1,1,1,1,0,0,0,0,0,0,1,0,0,0;
*Saida*
0,0,1,0,0,0,0;

[PAR]
*Entrada*
0,1,1,0,1,1,1,0,1,1,0,0,1,0,0,0,1,0,0,0,0;
*Saida*
0,0,0,0,0,1,0;

[PAR]
*Entrada*
0,1,1,0,1,1,0,0,1,1,0,0,1,0,1,0,1,0,0,0,0;
*Saida*
0,0,0,0,0,1,0;

[PAR]
*Entrada*
0,0,1,0,0,0,0,0,0,1,0,0,0,0,0,0,0,0,0,1,0;
*Saida*
1,0,0,0,0,0,0;

[PAR]
*Entrada*
0,0,1,0,0,0,0,0,0,1,0,0,0,0,0,0,0,0,0,1,0;
*Saida*
0,1,0,0,0,0,0;

[PAR]
*Entrada*
0,0,1,0,0,1,1,1,1,1,0,1,1,0,0,1,0,0,0,0,0;
*Saida*
0,0,1,0,0,0,0;

[PAR]
*Entrada*
0,0,1,0,0,1,1,1,1,0,0,1,1,0,1,1,0,0,0,0,0;
*Saida*
0,0,1,0,0,0,0;

[PAR]
*Entrada*
1,0,0,1,0,0,1,1,1,1,0,0,1,0,0,0,0,1,0,0,0;
*Saida*
0,0,0,0,0,0,1;

[PAR]
*Entrada*
1,0,1,0,1,0,0,0,0,1,0,0,0,0,0,0,0,0,0,1,0;
*Saida*
0,1,0,0,0,0,0;

[PAR]
*Entrada*
1,0,0,1,0,0,0,1,1,1,0,0,1,1,1,0,0,1,0,0,0;
*Saida*
0,0,0,0,0,0,1;

[PAR]
*Entrada*
0,0,1,0,0,1,1,1,1,1,0,0,1,0,1,0,0,1,0,0,0;
*Saida*
0,0,0,0,1,0,0;

[PAR]
*Entrada*
0,0,1,0,1,0,0,0,0,1,0,0,0,0,0,0,0,0,0,1,0;
*Saida*
0,1,0,0,0,0,0;

[PAR]
*Entrada*
0,0,1,0,0,1,0,1,1,1,0,0,0,0,0,0,0,1,0,0,0;
*Saida*
0,0,1,0,0,0,0;

[PAR]
*Entrada*
0,1,1,0,1,0,0,0,1,1,0,0,1,1,1,0,1,0,0,0,0;
*Saida*
0,0,0,0,0,1,0;

[PAR]
*Entrada*
1,0,0,1,0,0,1,1,1,1,0,0,1,0,1,0,0,1,0,0,0;
*Saida*
0,0,0,0,0,0,1;

[PAR]
*Entrada*
0,1,1,0,1,0,1,0,1,1,0,0,1,0,0,0,1,0,0,0,0;
*Saida*
0,0,0,0,0,1,0;

[PAR]
*Entrada*
0,0,0,1,0,1,1,1,1,1,0,1,1,0,0,1,0,0,0,0,0;
*Saida*
0,0,0,0,0,0,1;

[PAR]
*Entrada*
0,1,1,0,1,1,0,0,1,1,0,0,1,0,1,0,1,0,0,0,0;
*Saida*
0,0,0,0,0,1,0;

[PAR]
*Entrada*
0,0,1,0,0,0,0,0,0,1,0,0,0,0,0,0,0,0,0,1,0;
*Saida*
0,1,0,0,0,0,0;

[PAR]
*Entrada*
1,0,1,1,0,1,1,0,1,1,0,0,1,0,1,0,0,1,0,0,0;
*Saida*
0,0,0,0,0,0,1;

[PAR]
*Entrada*
0,1,1,0,1,0,0,0,1,1,0,0,1,0,0,0,1,0,0,0,0;
*Saida*
0,0,0,0,0,1,0;

[PAR]
*Entrada*
1,0,0,1,0,0,1,1,1,1,0,0,0,0,0,0,0,1,0,0,0;
*Saida*
0,0,0,0,0,0,1;

[PAR]
*Entrada*
1,0,0,1,0,0,0,1,1,1,0,0,1,1,1,0,0,1,0,0,0;
*Saida*
0,0,0,0,0,0,1;

[PAR]
*Entrada*
0,0,1,0,0,1,0,0,1,0,0,1,1,0,1,1,0,0,0,0,0;
*Saida*
0,0,1,0,0,0,0;

[PAR]
*Entrada*
0,1,1,0,1,0,0,0,1,1,0,0,1,1,0,0,1,0,0,0,0;
*Saida*
0,0,0,0,0,1,0;

[PAR]
*Entrada*
0,0,1,0,0,1,0,0,0,0,1,0,0,0,1,1,0,0,0,0,0;
*Saida*
1,0,0,0,0,0,0;

[PAR]
*Entrada*
0,0,1,0,0,1,0,0,1,0,0,1,1,0,0,1,0,0,0,0,0;
*Saida*
0,0,1,0,0,0,0;

[PAR]
*Entrada*
1,0,0,1,0,0,1,1,1,1,0,0,1,0,1,0,0,1,0,0,0;
*Saida*
0,0,0,0,0,0,1;

[PAR]
*Entrada*
0,0,0,1,0,1,1,1,1,1,0,1,1,0,1,1,0,0,0,0,0;
*Saida*
0,0,0,0,0,0,1;

[PAR]
*Entrada*
0,0,1,0,1,0,0,0,0,1,0,0,0,0,0,0,0,0,0,1,0;
*Saida*
0,1,0,0,0,0,0;

[PAR]
*Entrada*
1,0,1,0,1,0,0,0,0,1,1,0,0,1,0,0,0,0,0,1,0;
*Saida*
0,1,0,0,0,0,0;

[PAR]
*Entrada*
0,0,1,0,0,1,0,0,1,0,0,1,1,0,1,1,0,0,0,0,0;
*Saida*
0,0,1,0,0,0,0;

[PAR]
*Entrada*
0,0,1,0,0,1,0,1,1,0,0,1,1,1,0,1,0,0,0,0,0;
*Saida*
0,0,1,0,0,0,0;

[PAR]
*Entrada*
1,0,0,1,0,0,0,0,1,1,0,0,1,0,0,0,0,1,0,0,0;
*Saida*
0,0,0,0,0,0,1;

[PAR]
*Entrada*
0,1,1,0,1,0,1,0,1,1,0,0,1,0,0,0,1,0,0,0,0;
*Saida*
0,0,0,0,0,1,0;

[PAR]
*Entrada*
0,1,1,0,1,0,0,0,1,1,0,0,1,0,0,0,1,0,0,0,0;
*Saida*
0,0,0,0,0,1,0;

[PAR]
*Entrada*
0,0,1,0,0,1,0,0,1,1,1,0,0,0,0,0,0,1,0,0,0;
*Saida*
0,0,1,0,0,0,0;

[PAR]
*Entrada*
0,1,1,0,1,1,0,0,1,1,0,0,1,0,1,0,1,0,0,0,0;
*Saida*
0,0,0,0,0,1,0;

[PAR]
*Entrada*
1,0,0,1,0,0,0,1,1,1,0,0,1,0,0,0,0,1,0,0,0;
*Saida*
0,0,0,0,0,0,1;

[PAR]
*Entrada*
0,0,1,0,0,1,1,1,1,0,0,1,1,0,0,1,0,0,0,0,0;
*Saida*
0,0,1,0,0,0,0;

[PAR]
*Entrada*
0,0,1,0,0,0,1,1,1,1,1,0,1,0,0,1,0,0,0,0,0;
*Saida*
0,0,0,0,1,0,0;

[PAR]
*Entrada*
0,1,1,0,1,0,0,0,1,1,0,0,1,0,1,0,1,0,0,0,0;
*Saida*
0,0,0,0,0,1,0;

[PAR]
*Entrada*
0,0,1,0,0,1,0,1,1,1,0,0,1,1,0,0,0,1,0,0,0;
*Saida*
0,0,1,0,0,0,0;

[PAR]
*Entrada*
0,0,1,0,0,1,1,1,1,0,1,1,1,0,1,1,0,0,0,0,0;
*Saida*
0,0,1,0,0,0,0;

[PAR]
*Entrada*
0,0,1,0,0,1,1,1,1,1,0,0,1,0,1,0,0,1,0,0,0;
*Saida*
0,0,0,0,1,0,0;

[PAR]
*Entrada*
1,0,0,1,0,1,0,1,1,1,0,1,1,0,0,0,1,0,0,0,0;
*Saida*
0,0,0,0,0,0,1;

[PAR]
*Entrada*
0,0,1,0,0,1,0,1,1,1,0,0,0,0,0,0,0,1,0,0,0;
*Saida*
0,0,1,0,0,0,0;

[PAR]
*Entrada*
0,0,1,0,0,0,0,1,1,1,0,0,1,1,0,0,0,1,0,0,0;
*Saida*
0,0,0,0,1,0,0;

[PAR]
*Entrada*
1,0,0,1,0,0,0,1,1,1,0,0,1,1,1,0,0,1,0,0,0;
*Saida*
0,0,0,0,0,0,1;

[PAR]
*Entrada*
1,0,1,0,1,0,0,0,0,1,0,0,0,0,0,0,0,0,0,1,0;
*Saida*
0,1,0,0,0,0,0;

[PAR]
*Entrada*
0,0,1,0,0,1,1,1,1,0,1,1,1,0,1,1,0,0,0,0,0;
*Saida*
0,0,1,0,0,0,0;

[PAR]
*Entrada*
0,0,1,0,1,0,1,0,0,1,0,0,0,0,0,0,0,0,0,1,0;
*Saida*
0,1,0,0,0,0,0;

[PAR]
*Entrada*
0,0,1,0,0,1,0,1,1,0,0,1,1,0,0,1,0,0,0,0,0;
*Saida*
0,0,1,0,0,0,0;

[PAR]
*Entrada*
1,0,0,1,0,0,0,1,1,1,0,0,1,0,1,0,0,1,0,0,0;
*Saida*
0,0,0,0,0,0,1;

[PAR]
*Entrada*
0,1,1,0,1,0,0,0,1,1,0,0,1,0,1,0,1,0,0,0,0;
*Saida*
0,0,0,0,0,1,0;

[PAR]
*Entrada*
0,1,1,0,1,0,0,0,1,1,0,0,1,1,0,0,1,0,0,0,0;
*Saida*
0,0,0,0,0,1,0;

[PAR]
*Entrada*
0,0,1,0,0,0,1,1,1,1,1,0,1,0,0,1,0,0,0,0,0;
*Saida*
0,0,0,0,1,0,0;

[PAR]
*Entrada*
0,0,1,0,0,1,1,1,1,0,0,1,1,0,0,1,0,0,0,0,0;
*Saida*
0,0,1,0,0,0,0;

[PAR]
*Entrada*
1,0,0,1,0,0,1,1,1,1,0,0,1,1,1,0,0,1,0,0,0;
*Saida*
0,0,0,0,0,0,1;

[PAR]
*Entrada*
1,0,0,1,0,0,1,1,1,1,0,0,1,0,1,0,0,1,0,0,0;
*Saida*
0,0,0,0,0,0,1;

[PAR]
*Entrada*
0,0,1,0,0,0,0,0,0,1,0,0,0,0,0,1,0,0,0,0,0;
*Saida*
1,0,0,0,0,0,0;

[PAR]
*Entrada*
0,0,1,0,0,1,1,0,0,0,1,0,0,0,0,1,0,0,0,0,0;
*Saida*
1,0,0,0,0,0,0;

[PAR]
*Entrada*
0,0,1,0,0,1,1,1,1,0,0,1,1,0,0,1,0,0,0,0,0;
*Saida*
0,0,1,0,0,0,0;

[PAR]
*Entrada*
0,0,1,0,0,1,0,0,1,1,0,0,0,1,0,0,0,1,0,0,0;
*Saida*
0,0,0,0,1,0,0;

[PAR]
*Entrada*
0,0,1,0,0,1,0,1,1,0,0,1,1,1,0,1,0,0,0,0,0;
*Saida*
0,0,1,0,0,0,0;

[PAR]
*Entrada*
0,0,1,0,0,1,1,1,1,0,0,1,1,0,1,1,0,0,0,0,0;
*Saida*
0,0,1,0,0,0,0;

[PAR]
*Entrada*
1,0,0,1,0,0,1,1,1,1,0,0,1,0,1,0,0,1,0,0,0;
*Saida*
0,0,0,0,0,0,1;

[PAR]
*Entrada*
0,0,1,0,0,1,0,0,0,0,0,0,0,0,0,1,0,0,0,0,0;
*Saida*
1,0,0,0,0,0,0;

[PAR]
*Entrada*
0,0,1,0,1,0,0,0,0,1,0,0,0,0,0,0,0,0,0,1,0;
*Saida*
0,1,0,0,0,0,0;

[PAR]
*Entrada*
0,1,1,0,1,0,0,0,1,1,0,0,1,0,0,0,1,0,0,0,0;
*Saida*
0,0,0,0,0,1,0;

[PAR]
*Entrada*
0,0,1,0,0,1,1,0,0,0,0,0,0,0,0,0,0,0,0,1,0;
*Saida*
1,0,0,0,0,0,0;

[PAR]
*Entrada*
0,0,1,0,0,1,0,0,1,0,0,1,1,0,1,1,0,0,0,0,0;
*Saida*
0,0,1,0,0,0,0;

[PAR]
*Entrada*
0,0,1,0,1,0,0,0,0,1,0,0,0,0,0,0,0,0,0,1,0;
*Saida*
0,1,0,0,0,0,0;

[PAR]
*Entrada*
1,0,1,0,1,0,0,0,0,1,1,0,0,0,0,0,0,0,0,1,0;
*Saida*
0,1,0,0,0,0,0;

[PAR]
*Entrada*
0,0,1,0,0,0,0,0,0,1,0,0,0,0,0,0,0,0,0,1,0;
*Saida*
0,1,0,0,0,0,0;

[PAR]
*Entrada*
0,0,1,0,0,0,0,0,0,1,0,0,0,0,0,1,0,0,0,0,0;
*Saida*
1,0,0,0,0,0,0;

[PAR]
*Entrada*
0,0,1,0,0,1,0,0,1,0,0,1,1,0,1,1,0,0,0,0,0;
*Saida*
0,0,1,0,0,0,0;

[PAR]
*Entrada*
0,1,1,0,0,0,0,0,1,1,0,0,1,0,1,0,1,0,0,0,0;
*Saida*
0,0,0,0,0,1,0;

[PAR]
*Entrada*
0,0,1,0,0,0,0,1,1,1,0,0,1,0,0,0,0,1,0,0,0;
*Saida*
0,0,0,0,1,0,0;

[PAR]
*Entrada*
0,0,1,0,0,1,0,0,0,0,0,0,0,0,1,1,0,0,0,0,0;
*Saida*
1,0,0,0,0,0,0;

[PAR]
*Entrada*
0,0,1,0,0,0,1,1,1,1,1,0,1,0,1,1,0,0,0,0,0;
*Saida*
0,0,0,0,1,0,0;

[PAR]
*Entrada*
1,0,0,1,0,0,0,1,1,1,0,0,1,0,0,0,0,1,0,0,0;
*Saida*
0,0,0,0,0,0,1;

[PAR]
*Entrada*
0,1,1,0,1,0,1,0,1,1,0,0,1,0,0,0,1,0,0,0,0;
*Saida*
0,0,0,0,0,1,0;

[PAR]
*Entrada*
0,0,1,0,0,1,0,1,1,1,0,0,0,0,0,0,0,1,0,0,0;
*Saida*
0,0,1,0,0,0,0;

[PAR]
*Entrada*
0,1,1,0,1,0,0,0,1,1,0,0,1,1,0,0,1,0,0,0,0;
*Saida*
0,0,0,0,0,1,0;

[PAR]
*Entrada*
0,0,1,0,0,1,1,1,1,0,0,1,1,0,0,1,0,0,0,0,0;
*Saida*
0,0,1,0,0,0,0;

[PAR]
*Entrada*
1,0,0,1,0,0,1,1,1,1,0,0,0,0,1,0,0,1,0,0,0;
*Saida*
0,0,0,0,0,0,1;

[PAR]
*Entrada*
0,0,1,0,0,1,1,0,0,0,0,0,0,0,0,0,0,1,0,0,0;
*Saida*
1,0,0,0,0,0,0;

[PAR]
*Entrada*
1,0,1,0,1,0,0,0,0,1,1,0,0,0,0,0,0,0,0,1,0;
*Saida*
0,1,0,0,0,0,0;

[PAR]
*Entrada*
1,0,0,1,0,0,1,1,1,1,0,0,1,0,1,0,0,1,0,0,0;
*Saida*
0,0,0,0,0,0,1;